67.66666666666667
55.0
41.333333333333336
67.0
48.666666666666664
45.666666666666664
61.333333333333336
64.66666666666667
56.666666666666664
59.666666666666664
72.0
91.0
55.666666666666664
43.666666666666664
58.333333333333336
71.33333333333333
65.66666666666667
32.666666666666664
75.0
88.0
58.0
63.666666666666664
64.33333333333333
64.33333333333333
76.66666666666667
59.333333333333336
51.333333333333336
52.0
66.66666666666667
37.333333333333336
72.0
79.33333333333333
60.333333333333336
55.0
35.333333333333336
81.66666666666667
68.33333333333333
54.0
76.33333333333333
69.0
92.33333333333333
81.66666666666667
58.0
55.0
51.333333333333336
79.33333333333333
59.0
50.0
87.33333333333333
79.33333333333333
41.333333333333336
64.66666666666667
64.33333333333333
55.333333333333336
65.33333333333333
75.66666666666667
54.666666666666664
63.666666666666664
56.666666666666664
59.666666666666664
84.0
75.0
27.0
60.333333333333336
51.666666666666664
60.333333333333336
63.0
44.666666666666664
65.33333333333333
84.66666666666667
41.666666666666664
71.66666666666667
55.333333333333336
35.0
73.0
38.666666666666664
59.333333333333336
46.666666666666664
68.0
80.33333333333333
55.666666666666664
63.333333333333336
60.666666666666664
37.333333333333336
79.66666666666667
69.0
53.0
77.0
64.66666666666667
90.33333333333333
76.33333333333333
63.0
82.33333333333333
85.33333333333333
49.666666666666664
61.666666666666664
81.33333333333333
74.33333333333333
73.33333333333333
85.33333333333333
58.333333333333336
46.0
66.0
52.0
59.0
59.0
64.33333333333333
68.33333333333333
88.33333333333333
75.33333333333333
77.0
60.86486486486486 62.96396396396396 66.53153153153153